0, 91, 91
sm*sm=-0.000003
1, 91, 91
ctlS*sm=0.000001
2, 91, 91
ctlS*ctlS=1758.037476
3, 91, 91
cte*sm=0.000001
4, 91, 91
cte*ctlS=0.665525
5, 91, 91
cte*cte=2001.197782
6, 91, 91
ctl*sm=-0.000002
7, 91, 91
ctl*ctlS=-0.722504
8, 91, 91
ctl*cte=0.106647
9, 91, 91
ctl*ctl=1983.211420
10, 91, 91
cQlM*sm=-0.000001
11, 91, 91
cQlM*ctlS=0.676900
12, 91, 91
cQlM*cte=0.000000
13, 91, 91
cQlM*ctl=-0.000000
14, 91, 91
cQlM*cQlM=1970.495414
15, 91, 91
ctA*sm=-0.000001
16, 91, 91
ctA*ctlS=-0.280805
17, 91, 91
ctA*cte=248.167612
18, 91, 91
ctA*ctl=248.651244
19, 91, 91
ctA*cQlM=262.696306
20, 91, 91
ctA*ctA=4902.089019
21, 91, 91
ctp*sm=0.000002
22, 91, 91
ctp*ctlS=-2.378194
23, 91, 91
ctp*cte=0.010741
24, 91, 91
ctp*ctl=0.005101
25, 91, 91
ctp*cQlM=0.009346
26, 91, 91
ctp*ctA=0.014142
27, 91, 91
ctp*ctp=393.835577
28, 91, 91
cpQM*sm=0.000002
29, 91, 91
cpQM*ctlS=-0.569135
30, 91, 91
cpQM*cte=-0.000001
31, 91, 91
cpQM*ctl=0.000001
32, 91, 91
cpQM*cQlM=109.369637
33, 91, 91
cpQM*ctA=-12.105178
34, 91, 91
cpQM*ctp=0.056323
35, 91, 91
cpQM*cpQM=1160.694158
36, 91, 91
cpt*sm=0.000001
37, 91, 91
cpt*ctlS=0.762622
38, 91, 91
cpt*cte=-88.699244
39, 91, 91
cpt*ctl=115.439769
40, 91, 91
cpt*cQlM=0.000001
41, 91, 91
cpt*ctA=1.180394
42, 91, 91
cpt*ctp=-0.024488
43, 91, 91
cpt*cpQM=-0.000000
44, 91, 91
cpt*cpt=1154.142255
45, 91, 91
ctlT*sm=0.000001
46, 91, 91
ctlT*ctlS=-122.475494
47, 91, 91
ctlT*cte=8.349895
48, 91, 91
ctlT*ctl=8.324324
49, 91, 91
ctlT*cQlM=8.580941
50, 91, 91
ctlT*ctA=230.442018
51, 91, 91
ctlT*ctp=-3.857974
52, 91, 91
ctlT*cpQM=-0.958292
53, 91, 91
ctlT*cpt=0.398618
54, 91, 91
ctlT*ctlT=34479.395968
55, 91, 91
ctZ*sm=0.000011
56, 91, 91
ctZ*ctlS=0.226645
57, 91, 91
ctZ*cte=-149.238818
58, 91, 91
ctZ*ctl=173.743989
59, 91, 91
ctZ*cQlM=169.898268
60, 91, 91
ctZ*ctA=4.153159
61, 91, 91
ctZ*ctp=0.010435
62, 91, 91
ctZ*cpQM=1658.284024
63, 91, 91
ctZ*cpt=1594.944279
64, 91, 91
ctZ*ctlT=-0.945099
65, 91, 91
ctZ*ctZ=15774.910375
66, 91, 91
cQe*sm=0.000003
67, 91, 91
cQe*ctlS=-0.733033
68, 91, 91
cQe*cte=0.000000
69, 91, 91
cQe*ctl=0.000000
70, 91, 91
cQe*cQlM=0.050572
71, 91, 91
cQe*ctA=266.592564
72, 91, 91
cQe*ctp=-0.053230
73, 91, 91
cQe*cpQM=-88.432115
74, 91, 91
cQe*cpt=-0.000000
75, 91, 91
cQe*ctlT=8.663912
76, 91, 91
cQe*ctZ=-166.008862
77, 91, 91
cQe*cQe=2001.060182
78, 91, 91
ctG*sm=-0.000011
79, 91, 91
ctG*ctlS=-15.263687
80, 91, 91
ctG*cte=-75.433467
81, 91, 91
ctG*ctl=20.244328
82, 91, 91
ctG*cQlM=-88.037641
83, 91, 91
ctG*ctA=559.794777
84, 91, 91
ctG*ctp=3012.082766
85, 91, 91
ctG*cpQM=-1494.121906
86, 91, 91
ctG*cpt=1185.355642
87, 91, 91
ctG*ctlT=-9.875678
88, 91, 91
ctG*ctZ=587.284812
89, 91, 91
ctG*cQe=31.696376
90, 91, 91
ctG*ctG=1159473.652341
