0, 91, 91
sm*sm=-0.000016
1, 91, 91
ctlS*sm=0.000001
2, 91, 91
ctlS*ctlS=-0.000000
3, 91, 91
cte*sm=-0.000003
4, 91, 91
cte*ctlS=0.000002
5, 91, 91
cte*cte=-0.000001
6, 91, 91
ctl*sm=0.000005
7, 91, 91
ctl*ctlS=0.000001
8, 91, 91
ctl*cte=-0.000003
9, 91, 91
ctl*ctl=0.000001
10, 91, 91
cQlM*sm=0.000006
11, 91, 91
cQlM*ctlS=-0.000001
12, 91, 91
cQlM*cte=-0.000001
13, 91, 91
cQlM*ctl=-0.000004
14, 91, 91
cQlM*cQlM=-0.000001
15, 91, 91
ctA*sm=0.000005
16, 91, 91
ctA*ctlS=-0.000003
17, 91, 91
ctA*cte=0.000002
18, 91, 91
ctA*ctl=0.000008
19, 91, 91
ctA*cQlM=-0.000006
20, 91, 91
ctA*ctA=0.000001
21, 91, 91
ctp*sm=-0.000002
22, 91, 91
ctp*ctlS=0.000000
23, 91, 91
ctp*cte=-0.000001
24, 91, 91
ctp*ctl=0.000001
25, 91, 91
ctp*cQlM=0.000001
26, 91, 91
ctp*ctA=-0.000003
27, 91, 91
ctp*ctp=6300.819818
28, 91, 91
cpQM*sm=-0.000002
29, 91, 91
cpQM*ctlS=0.000000
30, 91, 91
cpQM*cte=-0.000002
31, 91, 91
cpQM*ctl=-0.000003
32, 91, 91
cpQM*cQlM=0.000002
33, 91, 91
cpQM*ctA=-0.000001
34, 91, 91
cpQM*ctp=0.000000
35, 91, 91
cpQM*cpQM=0.000001
36, 91, 91
cpt*sm=-0.000001
37, 91, 91
cpt*ctlS=0.000001
38, 91, 91
cpt*cte=0.000001
39, 91, 91
cpt*ctl=0.000000
40, 91, 91
cpt*cQlM=-0.000001
41, 91, 91
cpt*ctA=0.000003
42, 91, 91
cpt*ctp=-0.000004
43, 91, 91
cpt*cpQM=-0.000001
44, 91, 91
cpt*cpt=-0.000000
45, 91, 91
ctlT*sm=0.000016
46, 91, 91
ctlT*ctlS=0.000003
47, 91, 91
ctlT*cte=-0.000006
48, 91, 91
ctlT*ctl=-0.000000
49, 91, 91
ctlT*cQlM=-0.000001
50, 91, 91
ctlT*ctA=-0.000015
51, 91, 91
ctlT*ctp=-0.000004
52, 91, 91
ctlT*cpQM=-0.000004
53, 91, 91
ctlT*cpt=0.000003
54, 91, 91
ctlT*ctlT=0.000012
55, 91, 91
ctZ*sm=0.000002
56, 91, 91
ctZ*ctlS=0.000001
57, 91, 91
ctZ*cte=-0.000004
58, 91, 91
ctZ*ctl=0.000004
59, 91, 91
ctZ*cQlM=-0.000005
60, 91, 91
ctZ*ctA=0.000005
61, 91, 91
ctZ*ctp=-0.000002
62, 91, 91
ctZ*cpQM=-0.000004
63, 91, 91
ctZ*cpt=-0.000012
64, 91, 91
ctZ*ctlT=-0.000001
65, 91, 91
ctZ*ctZ=0.000011
66, 91, 91
cQe*sm=0.000006
67, 91, 91
cQe*ctlS=-0.000003
68, 91, 91
cQe*cte=0.000002
69, 91, 91
cQe*ctl=0.000003
70, 91, 91
cQe*cQlM=0.000002
71, 91, 91
cQe*ctA=0.000003
72, 91, 91
cQe*ctp=-0.000000
73, 91, 91
cQe*cpQM=0.000000
74, 91, 91
cQe*cpt=-0.000000
75, 91, 91
cQe*ctlT=-0.000005
76, 91, 91
cQe*ctZ=0.000003
77, 91, 91
cQe*cQe=-0.000002
78, 91, 91
ctG*sm=0.000040
79, 91, 91
ctG*ctlS=0.000008
80, 91, 91
ctG*cte=-0.000021
81, 91, 91
ctG*ctl=0.000039
82, 91, 91
ctG*cQlM=-0.000005
83, 91, 91
ctG*ctA=-0.000030
84, 91, 91
ctG*ctp=48057.650941
85, 91, 91
ctG*cpQM=0.000022
86, 91, 91
ctG*cpt=-0.000010
87, 91, 91
ctG*ctlT=0.000032
88, 91, 91
ctG*ctZ=0.000118
89, 91, 91
ctG*cQe=0.000005
90, 91, 91
ctG*ctG=461553.276596
