0, 91, 91
sm*sm=0.000011
1, 91, 91
ctlS*sm=0.000001
2, 91, 91
ctlS*ctlS=1762.459675
3, 91, 91
cte*sm=-0.000001
4, 91, 91
cte*ctlS=0.668447
5, 91, 91
cte*cte=1981.925236
6, 91, 91
ctl*sm=-0.000001
7, 91, 91
ctl*ctlS=-0.625937
8, 91, 91
ctl*cte=0.096874
9, 91, 91
ctl*ctl=1955.317936
10, 91, 91
cQlM*sm=-0.000002
11, 91, 91
cQlM*ctlS=0.716329
12, 91, 91
cQlM*cte=0.000000
13, 91, 91
cQlM*ctl=0.000001
14, 91, 91
cQlM*cQlM=1996.402442
15, 91, 91
ctA*sm=-0.000000
16, 91, 91
ctA*ctlS=0.250837
17, 91, 91
ctA*cte=247.860024
18, 91, 91
ctA*ctl=244.748114
19, 91, 91
ctA*cQlM=247.178486
20, 91, 91
ctA*ctA=4875.303893
21, 91, 91
ctp*sm=0.000001
22, 91, 91
ctp*ctlS=0.000000
23, 91, 91
ctp*cte=-0.000000
24, 91, 91
ctp*ctl=-0.000001
25, 91, 91
ctp*cQlM=-0.000000
26, 91, 91
ctp*ctA=0.000001
27, 91, 91
ctp*ctp=-0.000000
28, 91, 91
cpQM*sm=0.000000
29, 91, 91
cpQM*ctlS=-0.671824
30, 91, 91
cpQM*cte=-0.000001
31, 91, 91
cpQM*ctl=-0.000000
32, 91, 91
cpQM*cQlM=116.706400
33, 91, 91
cpQM*ctA=4.861302
34, 91, 91
cpQM*ctp=-0.000000
35, 91, 91
cpQM*cpQM=1159.762712
36, 91, 91
cpt*sm=0.000000
37, 91, 91
cpt*ctlS=0.661994
38, 91, 91
cpt*cte=-86.486063
39, 91, 91
cpt*ctl=110.115049
40, 91, 91
cpt*cQlM=0.000001
41, 91, 91
cpt*ctA=13.667795
42, 91, 91
cpt*ctp=-0.000000
43, 91, 91
cpt*cpQM=0.000000
44, 91, 91
cpt*cpt=1168.385028
45, 91, 91
ctlT*sm=-0.000004
46, 91, 91
ctlT*ctlS=-29.522914
47, 91, 91
ctlT*cte=7.697239
48, 91, 91
ctlT*ctl=7.896269
49, 91, 91
ctlT*cQlM=8.127464
50, 91, 91
ctlT*ctA=219.960749
51, 91, 91
ctlT*ctp=-0.000000
52, 91, 91
ctlT*cpQM=-0.159781
53, 91, 91
ctlT*cpt=0.037587
54, 91, 91
ctlT*ctlT=34343.622583
55, 91, 91
ctZ*sm=-0.000007
56, 91, 91
ctZ*ctlS=0.232002
57, 91, 91
ctZ*cte=-135.580651
58, 91, 91
ctZ*ctl=172.508889
59, 91, 91
ctZ*cQlM=178.058311
60, 91, 91
ctZ*ctA=147.872148
61, 91, 91
ctZ*ctp=0.000001
62, 91, 91
ctZ*cpQM=1622.988494
63, 91, 91
ctZ*cpt=1582.783175
64, 91, 91
ctZ*ctlT=2.017081
65, 91, 91
ctZ*ctZ=15562.660282
66, 91, 91
cQe*sm=-0.000000
67, 91, 91
cQe*ctlS=-0.641828
68, 91, 91
cQe*cte=-0.000002
69, 91, 91
cQe*ctl=-0.000001
70, 91, 91
cQe*cQlM=0.151935
71, 91, 91
cQe*ctA=261.218092
72, 91, 91
cQe*ctp=0.000000
73, 91, 91
cQe*cpQM=-99.365412
74, 91, 91
cQe*cpt=0.000001
75, 91, 91
cQe*ctlT=7.727780
76, 91, 91
cQe*ctZ=-160.970548
77, 91, 91
cQe*cQe=1987.795488
78, 91, 91
ctG*sm=0.000016
79, 91, 91
ctG*ctlS=-3.879790
80, 91, 91
ctG*cte=-61.514529
81, 91, 91
ctG*ctl=23.199486
82, 91, 91
ctG*cQlM=-97.020489
83, 91, 91
ctG*ctA=599.775303
84, 91, 91
ctG*ctp=-0.000006
85, 91, 91
ctG*cpQM=-1470.549186
86, 91, 91
ctG*cpt=1163.357742
87, 91, 91
ctG*ctlT=17.101050
88, 91, 91
ctG*ctZ=1013.355396
89, 91, 91
ctG*cQe=13.063923
90, 91, 91
ctG*ctG=1124873.267945
